2 -1 181 -1 #SUP: 5530
44 -1 10 -1 #SUP: 5566
147 -1 59 -1 #SUP: 6070
155 -1 21 -1 #SUP: 6063
147 -1 13 -1 #SUP: 5980
1 -1 45 -1 #SUP: 5322
17 -1 #SUP: 8054
17 -1 47 -1 #SUP: 5928
2 -1 18 -1 #SUP: 5900
13 -1 98 -1 #SUP: 5877
13 -1 82 -1 #SUP: 5579
155 -1 13 -1 #SUP: 5887
2 -1 8 -1 #SUP: 5508
44 -1 #SUP: 7450
147 -1 8 -1 #SUP: 5875
44 -1 98 -1 #SUP: 5173
46 -1 15 -1 #SUP: 5706
155 -1 131 -1 #SUP: 6352
155 -1 147 -1 #SUP: 6049
147 -1 181 -1 #SUP: 5330
17 -1 45 -1 #SUP: 6111
135 -1 57 -1 #SUP: 6162
131 -1 50 -1 #SUP: 5324
147 -1 30 -1 #SUP: 5924
135 -1 117 -1 #SUP: 5307
2 -1 24 -1 #SUP: 5930
2 -1 59 -1 #SUP: 5867
131 -1 18 -1 #SUP: 5432
13 -1 70 -1 #SUP: 5516
131 -1 10 -1 #SUP: 5569
2 -1 10 -1 #SUP: 5829
90 -1 37 -1 #SUP: 5916
2 -1 13 -1 #SUP: 5271
17 -1 1 -1 #SUP: 6465
135 -1 59 -1 #SUP: 6095
36 -1 #SUP: 7165
50 -1 37 -1 #SUP: 5624
13 -1 14 -1 #SUP: 5531
17 -1 46 -1 #SUP: 5959
46 -1 47 -1 #SUP: 5632
131 -1 8 -1 #SUP: 5123
147 -1 36 -1 #SUP: 6121
50 -1 21 -1 #SUP: 5529
30 -1 97 -1 #SUP: 5721
13 -1 37 -1 #SUP: 5633
155 -1 70 -1 #SUP: 5446
24 -1 #SUP: 7247
147 -1 50 -1 #SUP: 5936
2 -1 82 -1 #SUP: 5888
98 -1 #SUP: 8020
18 -1 70 -1 #SUP: 5775
2 -1 21 -1 #SUP: 5844
8 -1 98 -1 #SUP: 5227
90 -1 24 -1 #SUP: 5902
90 -1 118 -1 #SUP: 5456
8 -1 82 -1 #SUP: 5855
50 -1 36 -1 #SUP: 5635
147 -1 10 -1 #SUP: 6052
131 -1 #SUP: 8162
135 -1 #SUP: 7827
97 -1 #SUP: 7130
131 -1 90 -1 #SUP: 5185
48 -1 15 -1 #SUP: 5539
131 -1 21 -1 #SUP: 5657
147 -1 18 -1 #SUP: 5746
50 -1 #SUP: 7423
155 -1 2 -1 #SUP: 5739
31 -1 #SUP: 7051
155 -1 98 -1 #SUP: 5693
147 -1 82 -1 #SUP: 6079
2 -1 117 -1 #SUP: 5513
147 -1 90 -1 #SUP: 6052
147 -1 57 -1 #SUP: 6101
30 -1 181 -1 #SUP: 5653
131 -1 36 -1 #SUP: 5755
44 -1 24 -1 #SUP: 5808
68 -1 #SUP: 6748
135 -1 18 -1 #SUP: 5627
50 -1 59 -1 #SUP: 5613
30 -1 70 -1 #SUP: 5747
147 -1 67 -1 #SUP: 5665
131 -1 97 -1 #SUP: 5566
131 -1 13 -1 #SUP: 5526
131 -1 59 -1 #SUP: 5735
1 -1 15 -1 #SUP: 5326
2 -1 36 -1 #SUP: 5909
50 -1 82 -1 #SUP: 5591
48 -1 #SUP: 7551
50 -1 24 -1 #SUP: 5586
135 -1 181 -1 #SUP: 5303
90 -1 97 -1 #SUP: 5418
131 -1 82 -1 #SUP: 5682
1 -1 #SUP: 7471
147 -1 118 -1 #SUP: 5279
131 -1 57 -1 #SUP: 5643
30 -1 67 -1 #SUP: 5232
2 -1 14 -1 #SUP: 5842
90 -1 67 -1 #SUP: 5136
13 -1 67 -1 #SUP: 5156
46 -1 #SUP: 7598
57 -1 #SUP: 7309
13 -1 #SUP: 8220
118 -1 #SUP: 6961
155 -1 96 -1 #SUP: 5427
131 -1 98 -1 #SUP: 5909
147 -1 96 -1 #SUP: 5363
2 -1 90 -1 #SUP: 5238
2 -1 67 -1 #SUP: 6054
135 -1 31 -1 #SUP: 5576
13 -1 59 -1 #SUP: 5648
131 -1 24 -1 #SUP: 5716
48 -1 47 -1 #SUP: 5324
18 -1 117 -1 #SUP: 5713
90 -1 181 -1 #SUP: 5396
18 -1 118 -1 #SUP: 5663
135 -1 14 -1 #SUP: 6102
131 -1 67 -1 #SUP: 5234
13 -1 57 -1 #SUP: 5507
135 -1 44 -1 #SUP: 6053
8 -1 10 -1 #SUP: 5712
18 -1 68 -1 #SUP: 5269
147 -1 97 -1 #SUP: 5361
131 -1 14 -1 #SUP: 5624
31 -1 98 -1 #SUP: 5275
17 -1 32 -1 #SUP: 5648
18 -1 #SUP: 8263
90 -1 14 -1 #SUP: 5837
90 -1 #SUP: 8191
30 -1 118 -1 #SUP: 5652
14 -1 #SUP: 7275
46 -1 32 -1 #SUP: 5372
147 -1 21 -1 #SUP: 6088
17 -1 48 -1 #SUP: 5938
155 -1 24 -1 #SUP: 6038
90 -1 30 -1 #SUP: 5612
46 -1 45 -1 #SUP: 5734
8 -1 #SUP: 7447
82 -1 #SUP: 7224
67 -1 #SUP: 7168
37 -1 #SUP: 7167
155 -1 10 -1 #SUP: 6008
135 -1 50 -1 #SUP: 6360
131 -1 37 -1 #SUP: 5718
45 -1 #SUP: 7120
13 -1 118 -1 #SUP: 5444
135 -1 30 -1 #SUP: 5872
131 -1 117 -1 #SUP: 5497
155 -1 135 -1 #SUP: 5758
131 -1 68 -1 #SUP: 5144
90 -1 70 -1 #SUP: 5540
2 -1 37 -1 #SUP: 5934
44 -1 57 -1 #SUP: 5504
90 -1 44 -1 #SUP: 5248
181 -1 #SUP: 7043
31 -1 117 -1 #SUP: 5119
21 -1 #SUP: 7240
2 -1 50 -1 #SUP: 5662
13 -1 117 -1 #SUP: 5479
18 -1 30 -1 #SUP: 5417
8 -1 21 -1 #SUP: 5798
155 -1 30 -1 #SUP: 5945
155 -1 37 -1 #SUP: 6017
135 -1 36 -1 #SUP: 6143
135 -1 67 -1 #SUP: 5682
18 -1 181 -1 #SUP: 5728
96 -1 #SUP: 6527
2 -1 118 -1 #SUP: 5450
2 -1 96 -1 #SUP: 5575
44 -1 82 -1 #SUP: 5743
90 -1 36 -1 #SUP: 5921
90 -1 117 -1 #SUP: 5409
13 -1 30 -1 #SUP: 5730
155 -1 181 -1 #SUP: 5300
155 -1 36 -1 #SUP: 6026
8 -1 14 -1 #SUP: 5804
135 -1 82 -1 #SUP: 6105
147 -1 14 -1 #SUP: 6051
44 -1 37 -1 #SUP: 5832
8 -1 57 -1 #SUP: 5769
147 -1 117 -1 #SUP: 5331
10 -1 #SUP: 7324
155 -1 57 -1 #SUP: 6033
48 -1 32 -1 #SUP: 5271
147 -1 44 -1 #SUP: 5958
70 -1 #SUP: 7206
2 -1 57 -1 #SUP: 5838
2 -1 98 -1 #SUP: 5836
8 -1 36 -1 #SUP: 5897
155 -1 67 -1 #SUP: 5673
135 -1 90 -1 #SUP: 5841
13 -1 97 -1 #SUP: 5485
147 -1 24 -1 #SUP: 6102
13 -1 21 -1 #SUP: 5526
147 -1 68 -1 #SUP: 5523
131 -1 70 -1 #SUP: 5597
32 -1 #SUP: 6692
90 -1 21 -1 #SUP: 5892
44 -1 59 -1 #SUP: 5797
2 -1 31 -1 #SUP: 5830
15 -1 #SUP: 6918
131 -1 118 -1 #SUP: 5494
147 -1 31 -1 #SUP: 5607
44 -1 36 -1 #SUP: 5833
147 -1 98 -1 #SUP: 5683
155 -1 44 -1 #SUP: 5939
155 -1 31 -1 #SUP: 5678
44 -1 14 -1 #SUP: 5671
2 -1 #SUP: 8186
147 -1 #SUP: 7787
147 -1 37 -1 #SUP: 6134
2 -1 68 -1 #SUP: 5717
135 -1 24 -1 #SUP: 6141
30 -1 98 -1 #SUP: 6075
2 -1 97 -1 #SUP: 5576
48 -1 45 -1 #SUP: 5547
155 -1 82 -1 #SUP: 6024
90 -1 98 -1 #SUP: 5857
135 -1 96 -1 #SUP: 5357
30 -1 117 -1 #SUP: 5647
155 -1 117 -1 #SUP: 5301
131 -1 181 -1 #SUP: 5472
155 -1 50 -1 #SUP: 5986
18 -1 67 -1 #SUP: 5336
90 -1 59 -1 #SUP: 5921
135 -1 70 -1 #SUP: 5447
135 -1 10 -1 #SUP: 6111
8 -1 24 -1 #SUP: 5931
155 -1 18 -1 #SUP: 5903
135 -1 131 -1 #SUP: 5164
17 -1 33 -1 #SUP: 5317
155 -1 68 -1 #SUP: 5534
147 -1 131 -1 #SUP: 6041
50 -1 10 -1 #SUP: 5270
135 -1 118 -1 #SUP: 5283
1 -1 32 -1 #SUP: 5243
90 -1 82 -1 #SUP: 5881
2 -1 70 -1 #SUP: 5655
8 -1 37 -1 #SUP: 5903
13 -1 24 -1 #SUP: 5618
135 -1 37 -1 #SUP: 6111
155 -1 59 -1 #SUP: 5994
47 -1 #SUP: 7077
131 -1 30 -1 #SUP: 5844
13 -1 181 -1 #SUP: 5441
18 -1 97 -1 #SUP: 5734
59 -1 #SUP: 7187
90 -1 50 -1 #SUP: 5390
155 -1 90 -1 #SUP: 5954
90 -1 57 -1 #SUP: 5829
155 -1 8 -1 #SUP: 5912
13 -1 10 -1 #SUP: 5473
155 -1 97 -1 #SUP: 5393
155 -1 118 -1 #SUP: 5280
8 -1 59 -1 #SUP: 5889
50 -1 14 -1 #SUP: 5419
155 -1 14 -1 #SUP: 5993
147 -1 70 -1 #SUP: 5459
135 -1 13 -1 #SUP: 5589
17 -1 15 -1 #SUP: 5806
30 -1 68 -1 #SUP: 5223
135 -1 98 -1 #SUP: 5718
155 -1 #SUP: 7629
33 -1 #SUP: 6616
2 -1 30 -1 #SUP: 6011
135 -1 68 -1 #SUP: 5494
13 -1 36 -1 #SUP: 5702
18 -1 98 -1 #SUP: 6007
135 -1 97 -1 #SUP: 5369
13 -1 68 -1 #SUP: 5113
30 -1 #SUP: 8776
117 -1 #SUP: 6963
131 -1 44 -1 #SUP: 5225
135 -1 8 -1 #SUP: 5963
2 -1 44 -1 #SUP: 5637
90 -1 10 -1 #SUP: 5779
135 -1 21 -1 #SUP: 6149
44 -1 21 -1 #SUP: 5729
