1 -1 32 -1  #SUP: 5243
1 -1 15 -1  #SUP: 5326
1 -1 45 -1  #SUP: 5322
2 -1 70 -1  #SUP: 5655
2 -1 50 -1  #SUP: 5662
2 -1 90 -1  #SUP: 5238
2 -1 57 -1  #SUP: 5838
2 -1 13 -1  #SUP: 5271
2 -1 36 -1  #SUP: 5909
2 -1 14 -1  #SUP: 5842
2 -1 30 -1  #SUP: 6011
2 -1 96 -1  #SUP: 5575
2 -1 31 -1  #SUP: 5830
2 -1 97 -1  #SUP: 5576
2 -1 98 -1  #SUP: 5836
2 -1 10 -1  #SUP: 5829
2 -1 37 -1  #SUP: 5934
2 -1 59 -1  #SUP: 5867
2 -1 18 -1  #SUP: 5900
2 -1 82 -1  #SUP: 5888
2 -1 44 -1  #SUP: 5637
2 -1 67 -1  #SUP: 6054
2 -1 68 -1  #SUP: 5717
2 -1 24 -1  #SUP: 5930
2 -1 181 -1  #SUP: 5530
2 -1 8 -1  #SUP: 5508
2 -1 21 -1  #SUP: 5844
2 -1 118 -1  #SUP: 5450
2 -1 117 -1  #SUP: 5513
8 -1 57 -1  #SUP: 5769
8 -1 14 -1  #SUP: 5804
8 -1 36 -1  #SUP: 5897
8 -1 10 -1  #SUP: 5712
8 -1 98 -1  #SUP: 5227
8 -1 37 -1  #SUP: 5903
8 -1 59 -1  #SUP: 5889
8 -1 82 -1  #SUP: 5855
8 -1 24 -1  #SUP: 5931
8 -1 21 -1  #SUP: 5798
13 -1 70 -1  #SUP: 5516
13 -1 57 -1  #SUP: 5507
13 -1 14 -1  #SUP: 5531
13 -1 36 -1  #SUP: 5702
13 -1 30 -1  #SUP: 5730
13 -1 97 -1  #SUP: 5485
13 -1 10 -1  #SUP: 5473
13 -1 98 -1  #SUP: 5877
13 -1 37 -1  #SUP: 5633
13 -1 59 -1  #SUP: 5648
13 -1 82 -1  #SUP: 5579
13 -1 67 -1  #SUP: 5156
13 -1 24 -1  #SUP: 5618
13 -1 68 -1  #SUP: 5113
13 -1 181 -1  #SUP: 5441
13 -1 21 -1  #SUP: 5526
13 -1 118 -1  #SUP: 5444
13 -1 117 -1  #SUP: 5479
17 -1 33 -1  #SUP: 5317
17 -1 32 -1  #SUP: 5648
17 -1 15 -1  #SUP: 5806
17 -1 1 -1  #SUP: 6465
17 -1 45 -1  #SUP: 6111
17 -1 46 -1  #SUP: 5959
17 -1 47 -1  #SUP: 5928
17 -1 48 -1  #SUP: 5938
18 -1 70 -1  #SUP: 5775
18 -1 30 -1  #SUP: 5417
18 -1 97 -1  #SUP: 5734
18 -1 98 -1  #SUP: 6007
18 -1 67 -1  #SUP: 5336
18 -1 68 -1  #SUP: 5269
18 -1 181 -1  #SUP: 5728
18 -1 118 -1  #SUP: 5663
18 -1 117 -1  #SUP: 5713
30 -1 70 -1  #SUP: 5747
30 -1 97 -1  #SUP: 5721
30 -1 98 -1  #SUP: 6075
30 -1 67 -1  #SUP: 5232
30 -1 68 -1  #SUP: 5223
30 -1 181 -1  #SUP: 5653
30 -1 118 -1  #SUP: 5652
30 -1 117 -1  #SUP: 5647
31 -1 98 -1  #SUP: 5275
31 -1 117 -1  #SUP: 5119
44 -1 57 -1  #SUP: 5504
44 -1 36 -1  #SUP: 5833
44 -1 14 -1  #SUP: 5671
44 -1 10 -1  #SUP: 5566
44 -1 98 -1  #SUP: 5173
44 -1 59 -1  #SUP: 5797
44 -1 37 -1  #SUP: 5832
44 -1 82 -1  #SUP: 5743
44 -1 24 -1  #SUP: 5808
44 -1 21 -1  #SUP: 5729
46 -1 32 -1  #SUP: 5372
46 -1 15 -1  #SUP: 5706
46 -1 45 -1  #SUP: 5734
46 -1 47 -1  #SUP: 5632
48 -1 32 -1  #SUP: 5271
48 -1 15 -1  #SUP: 5539
48 -1 45 -1  #SUP: 5547
48 -1 47 -1  #SUP: 5324
50 -1 36 -1  #SUP: 5635
50 -1 14 -1  #SUP: 5419
50 -1 10 -1  #SUP: 5270
50 -1 59 -1  #SUP: 5613
50 -1 37 -1  #SUP: 5624
50 -1 82 -1  #SUP: 5591
50 -1 24 -1  #SUP: 5586
50 -1 21 -1  #SUP: 5529
90 -1 70 -1  #SUP: 5540
90 -1 50 -1  #SUP: 5390
90 -1 57 -1  #SUP: 5829
90 -1 36 -1  #SUP: 5921
90 -1 14 -1  #SUP: 5837
90 -1 30 -1  #SUP: 5612
90 -1 97 -1  #SUP: 5418
90 -1 10 -1  #SUP: 5779
90 -1 98 -1  #SUP: 5857
90 -1 37 -1  #SUP: 5916
90 -1 59 -1  #SUP: 5921
90 -1 82 -1  #SUP: 5881
90 -1 44 -1  #SUP: 5248
90 -1 67 -1  #SUP: 5136
90 -1 24 -1  #SUP: 5902
90 -1 181 -1  #SUP: 5396
90 -1 21 -1  #SUP: 5892
90 -1 118 -1  #SUP: 5456
90 -1 117 -1  #SUP: 5409
131 -1 70 -1  #SUP: 5597
131 -1 50 -1  #SUP: 5324
131 -1 90 -1  #SUP: 5185
131 -1 13 -1  #SUP: 5526
131 -1 57 -1  #SUP: 5643
131 -1 36 -1  #SUP: 5755
131 -1 14 -1  #SUP: 5624
131 -1 30 -1  #SUP: 5844
131 -1 97 -1  #SUP: 5566
131 -1 10 -1  #SUP: 5569
131 -1 98 -1  #SUP: 5909
131 -1 37 -1  #SUP: 5718
131 -1 59 -1  #SUP: 5735
131 -1 18 -1  #SUP: 5432
131 -1 82 -1  #SUP: 5682
131 -1 44 -1  #SUP: 5225
131 -1 67 -1  #SUP: 5234
131 -1 68 -1  #SUP: 5144
131 -1 24 -1  #SUP: 5716
131 -1 181 -1  #SUP: 5472
131 -1 8 -1  #SUP: 5123
131 -1 21 -1  #SUP: 5657
131 -1 118 -1  #SUP: 5494
131 -1 117 -1  #SUP: 5497
135 -1 70 -1  #SUP: 5447
135 -1 50 -1  #SUP: 6360
135 -1 90 -1  #SUP: 5841
135 -1 57 -1  #SUP: 6162
135 -1 13 -1  #SUP: 5589
135 -1 36 -1  #SUP: 6143
135 -1 14 -1  #SUP: 6102
135 -1 30 -1  #SUP: 5872
135 -1 96 -1  #SUP: 5357
135 -1 31 -1  #SUP: 5576
135 -1 97 -1  #SUP: 5369
135 -1 10 -1  #SUP: 6111
135 -1 98 -1  #SUP: 5718
135 -1 37 -1  #SUP: 6111
135 -1 59 -1  #SUP: 6095
135 -1 18 -1  #SUP: 5627
135 -1 82 -1  #SUP: 6105
135 -1 44 -1  #SUP: 6053
135 -1 67 -1  #SUP: 5682
135 -1 68 -1  #SUP: 5494
135 -1 24 -1  #SUP: 6141
135 -1 181 -1  #SUP: 5303
135 -1 8 -1  #SUP: 5963
135 -1 21 -1  #SUP: 6149
135 -1 131 -1  #SUP: 5164
135 -1 118 -1  #SUP: 5283
135 -1 117 -1  #SUP: 5307
147 -1 70 -1  #SUP: 5459
147 -1 50 -1  #SUP: 5936
147 -1 90 -1  #SUP: 6052
147 -1 57 -1  #SUP: 6101
147 -1 13 -1  #SUP: 5980
147 -1 36 -1  #SUP: 6121
147 -1 14 -1  #SUP: 6051
147 -1 30 -1  #SUP: 5924
147 -1 96 -1  #SUP: 5363
147 -1 31 -1  #SUP: 5607
147 -1 97 -1  #SUP: 5361
147 -1 10 -1  #SUP: 6052
147 -1 98 -1  #SUP: 5683
147 -1 37 -1  #SUP: 6134
147 -1 59 -1  #SUP: 6070
147 -1 18 -1  #SUP: 5746
147 -1 82 -1  #SUP: 6079
147 -1 44 -1  #SUP: 5958
147 -1 67 -1  #SUP: 5665
147 -1 68 -1  #SUP: 5523
147 -1 24 -1  #SUP: 6102
147 -1 181 -1  #SUP: 5330
147 -1 8 -1  #SUP: 5875
147 -1 21 -1  #SUP: 6088
147 -1 131 -1  #SUP: 6041
147 -1 118 -1  #SUP: 5279
147 -1 117 -1  #SUP: 5331
155 -1 70 -1  #SUP: 5446
155 -1 50 -1  #SUP: 5986
155 -1 90 -1  #SUP: 5954
155 -1 13 -1  #SUP: 5887
155 -1 57 -1  #SUP: 6033
155 -1 36 -1  #SUP: 6026
155 -1 14 -1  #SUP: 5993
155 -1 96 -1  #SUP: 5427
155 -1 30 -1  #SUP: 5945
155 -1 97 -1  #SUP: 5393
155 -1 31 -1  #SUP: 5678
155 -1 10 -1  #SUP: 6008
155 -1 98 -1  #SUP: 5693
155 -1 59 -1  #SUP: 5994
155 -1 37 -1  #SUP: 6017
155 -1 18 -1  #SUP: 5903
155 -1 147 -1  #SUP: 6049
155 -1 82 -1  #SUP: 6024
155 -1 2 -1  #SUP: 5739
155 -1 44 -1  #SUP: 5939
155 -1 67 -1  #SUP: 5673
155 -1 68 -1  #SUP: 5534
155 -1 181 -1  #SUP: 5300
155 -1 24 -1  #SUP: 6038
155 -1 8 -1  #SUP: 5912
155 -1 21 -1  #SUP: 6063
155 -1 135 -1  #SUP: 5758
155 -1 131 -1  #SUP: 6352
155 -1 118 -1  #SUP: 5280
155 -1 117 -1  #SUP: 5301
